CENTRAL POLLUTION CONTROL BOARD,,,,,,,,
CONTINUOUS AMBIENT AIR QUALITY,,,,,,,,
"Date :Wednesday, November 22, 2017",,,,,,,,
Time :8:09:44 PM,,,,,,,,
,,,,,,,,
State: Karnataka,,,,,,,,
City: Bengaluru,,,,,,,,
Station: Peenya,,,,,,,,
"Parameter: SO2,CO,NO2,NO,NOx,NH3,CH4,NMHC,THC,Temp,RH,WIND SPEED S,WIND DIR S,Vertical Wind S,SOLAR RAD,Bar Pressure,Benzene,Toluene,Ethyl Benzene,M & P Xylene,O_Xylene,ozone,PM2.5",,,,,,,,
AvgPeriod: 4 Hours,,,,,,,,
DateFrom: 01/01/2016,,,,,,,,
DateTo: 30/04/2016,,,,,,,,
TimeFrom: 12:00 AM,,,,,,,,
TimeTo: 11:45 PM,,,,,,,,
,,,,,,,,
Peenya ( Industrial Residential Rural and Other Area ),,,,,,,,
Parameter,From (Time),To,Date,Concentration,Unit,Prescribed Standard,Exceeding Standard? (Yes/No),Remarks
,,(Time),,,,,,
Temperature(Temp),00:00:00,03:59:00,01/01/2016,22.24,Â°C,NA,NA,
,04:00:00,07:59:00,01/01/2016,21.57,Â°C,NA,NA,
,08:00:00,11:59:00,01/01/2016,24.43,Â°C,NA,NA,
,12:00:00,15:59:00,01/01/2016,28.23,Â°C,NA,NA,
,16:00:00,19:59:00,01/01/2016,26.89,Â°C,NA,NA,
,20:00:00,23:59:00,01/01/2016,24.21,Â°C,NA,NA,
,00:00:00,03:59:00,02/01/2016,22.78,Â°C,NA,NA,
,04:00:00,07:59:00,02/01/2016,21.45,Â°C,NA,NA,
,08:00:00,11:59:00,02/01/2016,25.88,Â°C,NA,NA,
,12:00:00,15:59:00,02/01/2016,28.81,Â°C,NA,NA,
,16:00:00,19:59:00,02/01/2016,27.65,Â°C,NA,NA,
,20:00:00,23:59:00,02/01/2016,24.83,Â°C,NA,NA,
,00:00:00,03:59:00,03/01/2016,23.13,Â°C,NA,NA,
,04:00:00,07:59:00,03/01/2016,21.94,Â°C,NA,NA,
,08:00:00,11:59:00,03/01/2016,26.48,Â°C,NA,NA,
,12:00:00,15:59:00,03/01/2016,29.42,Â°C,NA,NA,
,16:00:00,19:59:00,03/01/2016,28.15,Â°C,NA,NA,
,20:00:00,23:59:00,03/01/2016,25.14,Â°C,NA,NA,
,00:00:00,03:59:00,04/01/2016,23.46,Â°C,NA,NA,
,04:00:00,07:59:00,04/01/2016,22.43,Â°C,NA,NA,
,08:00:00,11:59:00,04/01/2016,26.23,Â°C,NA,NA,
,12:00:00,15:59:00,04/01/2016,29.05,Â°C,NA,NA,
,16:00:00,19:59:00,04/01/2016,27.78,Â°C,NA,NA,
,20:00:00,23:59:00,04/01/2016,25.01,Â°C,NA,NA,
,00:00:00,03:59:00,05/01/2016,23.1,Â°C,NA,NA,
,04:00:00,07:59:00,05/01/2016,22.09,Â°C,NA,NA,
,08:00:00,11:59:00,05/01/2016,25.16,Â°C,NA,NA,
,12:00:00,15:59:00,05/01/2016,28.46,Â°C,NA,NA,
,16:00:00,19:59:00,05/01/2016,27.56,Â°C,NA,NA,
,20:00:00,23:59:00,05/01/2016,25,Â°C,NA,NA,
,00:00:00,03:59:00,06/01/2016,22.84,Â°C,NA,NA,
,04:00:00,07:59:00,06/01/2016,21.74,Â°C,NA,NA,
,08:00:00,11:59:00,06/01/2016,25.93,Â°C,NA,NA,
,12:00:00,15:59:00,06/01/2016,29.31,Â°C,NA,NA,
,16:00:00,19:59:00,06/01/2016,28.34,Â°C,NA,NA,
,20:00:00,23:59:00,06/01/2016,25.22,Â°C,NA,NA,
,00:00:00,03:59:00,07/01/2016,22.87,Â°C,NA,NA,
,04:00:00,07:59:00,07/01/2016,22.48,Â°C,NA,NA,
,08:00:00,11:59:00,07/01/2016,24.59,Â°C,NA,NA,
,12:00:00,15:59:00,07/01/2016,28.11,Â°C,NA,NA,
,16:00:00,19:59:00,07/01/2016,27.12,Â°C,NA,NA,
,20:00:00,23:59:00,07/01/2016,25.49,Â°C,NA,NA,
,04:00:00,07:59:00,08/01/2016,22.14,Â°C,NA,NA,
,08:00:00,11:59:00,08/01/2016,24.6,Â°C,NA,NA,
,12:00:00,15:59:00,08/01/2016,27.95,Â°C,NA,NA,
,16:00:00,19:59:00,08/01/2016,26.86,Â°C,NA,NA,
,20:00:00,23:59:00,08/01/2016,24.52,Â°C,NA,NA,
,00:00:00,03:59:00,09/01/2016,22.79,Â°C,NA,NA,
,04:00:00,07:59:00,09/01/2016,21.56,Â°C,NA,NA,
,08:00:00,11:59:00,09/01/2016,25.53,Â°C,NA,NA,
,12:00:00,15:59:00,09/01/2016,28.75,Â°C,NA,NA,
,16:00:00,19:59:00,09/01/2016,27.84,Â°C,NA,NA,
,20:00:00,23:59:00,09/01/2016,24.6,Â°C,NA,NA,
,00:00:00,03:59:00,10/01/2016,22.75,Â°C,NA,NA,
,04:00:00,07:59:00,10/01/2016,21.85,Â°C,NA,NA,
,08:00:00,11:59:00,10/01/2016,24.95,Â°C,NA,NA,
,12:00:00,15:59:00,10/01/2016,28.84,Â°C,NA,NA,
,16:00:00,19:59:00,10/01/2016,27.79,Â°C,NA,NA,
,20:00:00,23:59:00,10/01/2016,24.7,Â°C,NA,NA,
,00:00:00,03:59:00,11/01/2016,22.62,Â°C,NA,NA,
,04:00:00,07:59:00,11/01/2016,21.71,Â°C,NA,NA,
,08:00:00,11:59:00,11/01/2016,24.96,Â°C,NA,NA,
,12:00:00,15:59:00,11/01/2016,28.25,Â°C,NA,NA,
,16:00:00,19:59:00,11/01/2016,27.47,Â°C,NA,NA,
,20:00:00,23:59:00,11/01/2016,24.55,Â°C,NA,NA,
,00:00:00,03:59:00,12/01/2016,22.77,Â°C,NA,NA,
,04:00:00,07:59:00,12/01/2016,22.27,Â°C,NA,NA,
,08:00:00,11:59:00,12/01/2016,25.43,Â°C,NA,NA,
,12:00:00,15:59:00,12/01/2016,28.98,Â°C,NA,NA,
,16:00:00,19:59:00,12/01/2016,27.44,Â°C,NA,NA,
,20:00:00,23:59:00,12/01/2016,24.85,Â°C,NA,NA,
,00:00:00,03:59:00,13/01/2016,23.13,Â°C,NA,NA,
,04:00:00,07:59:00,13/01/2016,22.58,Â°C,NA,NA,
,08:00:00,11:59:00,13/01/2016,25.08,Â°C,NA,NA,
,12:00:00,15:59:00,13/01/2016,27.78,Â°C,NA,NA,
,16:00:00,19:59:00,13/01/2016,27.29,Â°C,NA,NA,
,20:00:00,23:59:00,13/01/2016,24.17,Â°C,NA,NA,
,00:00:00,03:59:00,14/01/2016,22.7,Â°C,NA,NA,
,04:00:00,07:59:00,14/01/2016,22.04,Â°C,NA,NA,
,08:00:00,11:59:00,14/01/2016,25.95,Â°C,NA,NA,
,12:00:00,15:59:00,14/01/2016,28.72,Â°C,NA,NA,
,16:00:00,19:59:00,14/01/2016,28.04,Â°C,NA,NA,
,20:00:00,23:59:00,14/01/2016,25.19,Â°C,NA,NA,
,04:00:00,07:59:00,16/01/2016,22.16,Â°C,NA,NA,
,08:00:00,11:59:00,16/01/2016,25.58,Â°C,NA,NA,
,12:00:00,15:59:00,16/01/2016,28.95,Â°C,NA,NA,
,16:00:00,19:59:00,16/01/2016,27.76,Â°C,NA,NA,
,20:00:00,23:59:00,16/01/2016,25.51,Â°C,NA,NA,
,00:00:00,03:59:00,17/01/2016,23.29,Â°C,NA,NA,
,04:00:00,07:59:00,17/01/2016,22.72,Â°C,NA,NA,
,08:00:00,11:59:00,17/01/2016,25.41,Â°C,NA,NA,
,12:00:00,15:59:00,17/01/2016,29.05,Â°C,NA,NA,
,16:00:00,19:59:00,17/01/2016,28.09,Â°C,NA,NA,
,20:00:00,23:59:00,17/01/2016,24.89,Â°C,NA,NA,
,00:00:00,03:59:00,18/01/2016,23.38,Â°C,NA,NA,
,04:00:00,07:59:00,18/01/2016,22.6,Â°C,NA,NA,
,08:00:00,11:59:00,18/01/2016,25.4,Â°C,NA,NA,
,12:00:00,15:59:00,18/01/2016,28.55,Â°C,NA,NA,
,16:00:00,19:59:00,18/01/2016,27.93,Â°C,NA,NA,
,20:00:00,23:59:00,18/01/2016,25.63,Â°C,NA,NA,
,00:00:00,03:59:00,19/01/2016,23.87,Â°C,NA,NA,
,04:00:00,07:59:00,19/01/2016,23.28,Â°C,NA,NA,
,08:00:00,11:59:00,19/01/2016,24.56,Â°C,NA,NA,
,12:00:00,15:59:00,19/01/2016,27.23,Â°C,NA,NA,
,16:00:00,19:59:00,19/01/2016,27.15,Â°C,NA,NA,
,20:00:00,23:59:00,19/01/2016,25.56,Â°C,NA,NA,
,00:00:00,03:59:00,20/01/2016,24.62,Â°C,NA,NA,
,04:00:00,07:59:00,20/01/2016,23.97,Â°C,NA,NA,
,08:00:00,11:59:00,20/01/2016,25.04,Â°C,NA,NA,
,12:00:00,15:59:00,20/01/2016,27.18,Â°C,NA,NA,
,16:00:00,19:59:00,20/01/2016,25.77,Â°C,NA,NA,
,20:00:00,23:59:00,20/01/2016,24.6,Â°C,NA,NA,
,00:00:00,03:59:00,21/01/2016,24.27,Â°C,NA,NA,
,04:00:00,07:59:00,21/01/2016,24.06,Â°C,NA,NA,
,08:00:00,11:59:00,21/01/2016,26.11,Â°C,NA,NA,
,12:00:00,15:59:00,21/01/2016,29.26,Â°C,NA,NA,
,16:00:00,19:59:00,21/01/2016,28.28,Â°C,NA,NA,
,20:00:00,23:59:00,21/01/2016,26.05,Â°C,NA,NA,
,04:00:00,07:59:00,22/01/2016,23.48,Â°C,NA,NA,
,08:00:00,11:59:00,22/01/2016,24.88,Â°C,NA,NA,
,12:00:00,15:59:00,22/01/2016,26.8,Â°C,NA,NA,
,16:00:00,19:59:00,22/01/2016,26.73,Â°C,NA,NA,
,20:00:00,23:59:00,22/01/2016,25.31,Â°C,NA,NA,
,00:00:00,03:59:00,23/01/2016,24.3,Â°C,NA,NA,
,04:00:00,07:59:00,23/01/2016,23.65,Â°C,NA,NA,
,08:00:00,11:59:00,23/01/2016,25.6,Â°C,NA,NA,
,12:00:00,15:59:00,23/01/2016,28.05,Â°C,NA,NA,
,16:00:00,19:59:00,23/01/2016,26.9,Â°C,NA,NA,
,20:00:00,23:59:00,23/01/2016,24.97,Â°C,NA,NA,
,00:00:00,03:59:00,24/01/2016,24.02,Â°C,NA,NA,
,04:00:00,07:59:00,24/01/2016,23.54,Â°C,NA,NA,
,08:00:00,11:59:00,24/01/2016,25.21,Â°C,NA,NA,
,12:00:00,15:59:00,24/01/2016,28.52,Â°C,NA,NA,
,16:00:00,19:59:00,24/01/2016,27.71,Â°C,NA,NA,
,20:00:00,23:59:00,24/01/2016,25.6,Â°C,NA,NA,
,00:00:00,03:59:00,25/01/2016,24.12,Â°C,NA,NA,
,04:00:00,07:59:00,25/01/2016,23.56,Â°C,NA,NA,
,08:00:00,11:59:00,25/01/2016,26.22,Â°C,NA,NA,
,12:00:00,15:59:00,25/01/2016,29.51,Â°C,NA,NA,
,16:00:00,19:59:00,25/01/2016,28.71,Â°C,NA,NA,
,20:00:00,23:59:00,25/01/2016,26.14,Â°C,NA,NA,
,00:00:00,03:59:00,26/01/2016,24.49,Â°C,NA,NA,
,04:00:00,07:59:00,26/01/2016,23.96,Â°C,NA,NA,
,08:00:00,11:59:00,26/01/2016,26.6,Â°C,NA,NA,
,12:00:00,15:59:00,26/01/2016,29.46,Â°C,NA,NA,
,16:00:00,19:59:00,26/01/2016,29.27,Â°C,NA,NA,
,20:00:00,23:59:00,26/01/2016,26.52,Â°C,NA,NA,
,00:00:00,03:59:00,27/01/2016,24.55,Â°C,NA,NA,
,04:00:00,07:59:00,27/01/2016,23.96,Â°C,NA,NA,
,08:00:00,11:59:00,27/01/2016,26.57,Â°C,NA,NA,
,12:00:00,15:59:00,27/01/2016,30.11,Â°C,NA,NA,
,16:00:00,19:59:00,27/01/2016,29.59,Â°C,NA,NA,
,20:00:00,23:59:00,27/01/2016,26.8,Â°C,NA,NA,
,00:00:00,03:59:00,28/01/2016,24.86,Â°C,NA,NA,
,04:00:00,07:59:00,28/01/2016,23.95,Â°C,NA,NA,
,08:00:00,11:59:00,28/01/2016,27.85,Â°C,NA,NA,
,12:00:00,15:59:00,28/01/2016,31.06,Â°C,NA,NA,
,16:00:00,19:59:00,28/01/2016,30.18,Â°C,NA,NA,
,20:00:00,23:59:00,28/01/2016,27.42,Â°C,NA,NA,
,00:00:00,03:59:00,29/01/2016,25.24,Â°C,NA,NA,
,04:00:00,07:59:00,29/01/2016,24.34,Â°C,NA,NA,
,08:00:00,11:59:00,29/01/2016,27.42,Â°C,NA,NA,
,12:00:00,15:59:00,29/01/2016,30.6,Â°C,NA,NA,
,16:00:00,19:59:00,29/01/2016,29.69,Â°C,NA,NA,
,20:00:00,23:59:00,29/01/2016,26.78,Â°C,NA,NA,
,00:00:00,03:59:00,30/01/2016,24.42,Â°C,NA,NA,
,04:00:00,07:59:00,30/01/2016,23.51,Â°C,NA,NA,
,08:00:00,11:59:00,30/01/2016,26.75,Â°C,NA,NA,
,12:00:00,15:59:00,30/01/2016,30,Â°C,NA,NA,
,16:00:00,19:59:00,30/01/2016,29.17,Â°C,NA,NA,
,20:00:00,23:59:00,30/01/2016,26.47,Â°C,NA,NA,
,00:00:00,03:59:00,31/01/2016,24.48,Â°C,NA,NA,
,04:00:00,07:59:00,31/01/2016,23.28,Â°C,NA,NA,
,08:00:00,11:59:00,31/01/2016,27.13,Â°C,NA,NA,
,12:00:00,15:59:00,31/01/2016,30.37,Â°C,NA,NA,
,16:00:00,19:59:00,31/01/2016,29.64,Â°C,NA,NA,
,20:00:00,23:59:00,31/01/2016,26.81,Â°C,NA,NA,
,00:00:00,03:59:00,01/02/2016,24.28,Â°C,NA,NA,
,04:00:00,07:59:00,01/02/2016,22.79,Â°C,NA,NA,
,08:00:00,11:59:00,01/02/2016,26.89,Â°C,NA,NA,
,12:00:00,15:59:00,01/02/2016,31.08,Â°C,NA,NA,
,16:00:00,19:59:00,01/02/2016,30.21,Â°C,NA,NA,
,20:00:00,23:59:00,01/02/2016,26.8,Â°C,NA,NA,
,00:00:00,03:59:00,02/02/2016,24.42,Â°C,NA,NA,
,04:00:00,07:59:00,02/02/2016,23.59,Â°C,NA,NA,
,08:00:00,11:59:00,02/02/2016,27.46,Â°C,NA,NA,
,12:00:00,15:59:00,02/02/2016,31.66,Â°C,NA,NA,
,16:00:00,19:59:00,02/02/2016,30.44,Â°C,NA,NA,
,20:00:00,23:59:00,02/02/2016,26.87,Â°C,NA,NA,
,00:00:00,03:59:00,03/02/2016,24.42,Â°C,NA,NA,
,04:00:00,07:59:00,03/02/2016,23.54,Â°C,NA,NA,
,08:00:00,11:59:00,03/02/2016,27.22,Â°C,NA,NA,
,12:00:00,15:59:00,03/02/2016,30.81,Â°C,NA,NA,
,16:00:00,19:59:00,03/02/2016,29.6,Â°C,NA,NA,
,20:00:00,23:59:00,03/02/2016,26.42,Â°C,NA,NA,
,00:00:00,03:59:00,04/02/2016,24.63,Â°C,NA,NA,
,04:00:00,07:59:00,04/02/2016,23.79,Â°C,NA,NA,
,08:00:00,11:59:00,04/02/2016,27.54,Â°C,NA,NA,
,12:00:00,15:59:00,04/02/2016,30.46,Â°C,NA,NA,
,16:00:00,19:59:00,04/02/2016,29.28,Â°C,NA,NA,
,20:00:00,23:59:00,04/02/2016,26.38,Â°C,NA,NA,
,00:00:00,03:59:00,05/02/2016,24.27,Â°C,NA,NA,
,04:00:00,07:59:00,05/02/2016,23.32,Â°C,NA,NA,
,08:00:00,11:59:00,05/02/2016,26.56,Â°C,NA,NA,
,12:00:00,15:59:00,05/02/2016,29.08,Â°C,NA,NA,
,16:00:00,19:59:00,05/02/2016,28.38,Â°C,NA,NA,
,20:00:00,23:59:00,05/02/2016,25.88,Â°C,NA,NA,
,00:00:00,03:59:00,06/02/2016,23.76,Â°C,NA,NA,
,04:00:00,07:59:00,06/02/2016,22.53,Â°C,NA,NA,
,08:00:00,11:59:00,06/02/2016,26.01,Â°C,NA,NA,
,12:00:00,15:59:00,06/02/2016,29.35,Â°C,NA,NA,
,16:00:00,19:59:00,06/02/2016,29.37,Â°C,NA,NA,
,20:00:00,23:59:00,06/02/2016,26.39,Â°C,NA,NA,
,00:00:00,03:59:00,07/02/2016,24.34,Â°C,NA,NA,
,04:00:00,07:59:00,07/02/2016,23.65,Â°C,NA,NA,
,08:00:00,11:59:00,07/02/2016,26.19,Â°C,NA,NA,
,12:00:00,15:59:00,07/02/2016,29.96,Â°C,NA,NA,
,16:00:00,19:59:00,07/02/2016,29.5,Â°C,NA,NA,
,20:00:00,23:59:00,07/02/2016,27.49,Â°C,NA,NA,
,00:00:00,03:59:00,08/02/2016,25.1,Â°C,NA,NA,
,04:00:00,07:59:00,08/02/2016,23.92,Â°C,NA,NA,
,08:00:00,11:59:00,08/02/2016,26.55,Â°C,NA,NA,
,12:00:00,15:59:00,08/02/2016,30.76,Â°C,NA,NA,
,16:00:00,19:59:00,08/02/2016,30.01,Â°C,NA,NA,
,20:00:00,23:59:00,08/02/2016,26.65,Â°C,NA,NA,
,00:00:00,03:59:00,09/02/2016,24.73,Â°C,NA,NA,
,04:00:00,07:59:00,09/02/2016,24.26,Â°C,NA,NA,
,08:00:00,11:59:00,09/02/2016,27.65,Â°C,NA,NA,
,12:00:00,15:59:00,09/02/2016,30.68,Â°C,NA,NA,
,16:00:00,19:59:00,09/02/2016,30.2,Â°C,NA,NA,
,20:00:00,23:59:00,09/02/2016,27.26,Â°C,NA,NA,
,00:00:00,03:59:00,10/02/2016,25.1,Â°C,NA,NA,
,04:00:00,07:59:00,10/02/2016,24.06,Â°C,NA,NA,
,08:00:00,11:59:00,10/02/2016,27.57,Â°C,NA,NA,
,12:00:00,15:59:00,10/02/2016,30.9,Â°C,NA,NA,
,16:00:00,19:59:00,10/02/2016,30.54,Â°C,NA,NA,
,20:00:00,23:59:00,10/02/2016,27.36,Â°C,NA,NA,
,00:00:00,03:59:00,11/02/2016,25.29,Â°C,NA,NA,
,04:00:00,07:59:00,11/02/2016,24.8,Â°C,NA,NA,
,08:00:00,11:59:00,11/02/2016,27.34,Â°C,NA,NA,
,12:00:00,15:59:00,11/02/2016,31.18,Â°C,NA,NA,
,16:00:00,19:59:00,11/02/2016,30.52,Â°C,NA,NA,
,20:00:00,23:59:00,11/02/2016,27.71,Â°C,NA,NA,
,00:00:00,03:59:00,12/02/2016,25.52,Â°C,NA,NA,
,04:00:00,07:59:00,12/02/2016,25,Â°C,NA,NA,
,08:00:00,11:59:00,12/02/2016,27.19,Â°C,NA,NA,
,12:00:00,15:59:00,12/02/2016,30.62,Â°C,NA,NA,
,16:00:00,19:59:00,12/02/2016,30.49,Â°C,NA,NA,
,20:00:00,23:59:00,12/02/2016,27.45,Â°C,NA,NA,
,00:00:00,03:59:00,13/02/2016,25.38,Â°C,NA,NA,
,04:00:00,07:59:00,13/02/2016,25.05,Â°C,NA,NA,
,08:00:00,11:59:00,13/02/2016,27.32,Â°C,NA,NA,
,12:00:00,15:59:00,13/02/2016,30.49,Â°C,NA,NA,
,16:00:00,19:59:00,13/02/2016,29.82,Â°C,NA,NA,
,20:00:00,23:59:00,13/02/2016,27.2,Â°C,NA,NA,
,00:00:00,03:59:00,14/02/2016,25.59,Â°C,NA,NA,
,04:00:00,07:59:00,14/02/2016,24.75,Â°C,NA,NA,
,08:00:00,11:59:00,14/02/2016,27.4,Â°C,NA,NA,
,12:00:00,15:59:00,14/02/2016,30.34,Â°C,NA,NA,
,16:00:00,19:59:00,14/02/2016,29.19,Â°C,NA,NA,
,20:00:00,23:59:00,14/02/2016,26.29,Â°C,NA,NA,
,00:00:00,03:59:00,15/02/2016,24.6,Â°C,NA,NA,
,04:00:00,07:59:00,15/02/2016,22.84,Â°C,NA,NA,
,08:00:00,11:59:00,15/02/2016,25.71,Â°C,NA,NA,
,12:00:00,15:59:00,15/02/2016,29,Â°C,NA,NA,
,16:00:00,19:59:00,15/02/2016,28.56,Â°C,NA,NA,
,20:00:00,23:59:00,15/02/2016,26.35,Â°C,NA,NA,
,00:00:00,03:59:00,16/02/2016,24.2,Â°C,NA,NA,
,04:00:00,07:59:00,16/02/2016,23.55,Â°C,NA,NA,
,08:00:00,11:59:00,16/02/2016,26.01,Â°C,NA,NA,
,12:00:00,15:59:00,16/02/2016,30,Â°C,NA,NA,
,16:00:00,19:59:00,16/02/2016,29.88,Â°C,NA,NA,
,20:00:00,23:59:00,16/02/2016,26.49,Â°C,NA,NA,
,00:00:00,03:59:00,17/02/2016,24.33,Â°C,NA,NA,
,04:00:00,07:59:00,17/02/2016,23.58,Â°C,NA,NA,
,08:00:00,11:59:00,17/02/2016,26.02,Â°C,NA,NA,
,12:00:00,15:59:00,19/02/2016,30.96,Â°C,NA,NA,
,16:00:00,19:59:00,19/02/2016,30.11,Â°C,NA,NA,
,20:00:00,23:59:00,19/02/2016,27.24,Â°C,NA,NA,
,00:00:00,03:59:00,20/02/2016,25.49,Â°C,NA,NA,
,04:00:00,07:59:00,20/02/2016,24.85,Â°C,NA,NA,
,08:00:00,11:59:00,20/02/2016,27.96,Â°C,NA,NA,
,12:00:00,15:59:00,20/02/2016,31.7,Â°C,NA,NA,
,16:00:00,19:59:00,20/02/2016,31.44,Â°C,NA,NA,
,20:00:00,23:59:00,20/02/2016,28.47,Â°C,NA,NA,
,00:00:00,03:59:00,21/02/2016,26.33,Â°C,NA,NA,
,04:00:00,07:59:00,21/02/2016,25.51,Â°C,NA,NA,
,08:00:00,11:59:00,21/02/2016,28.61,Â°C,NA,NA,
,12:00:00,15:59:00,21/02/2016,33.25,Â°C,NA,NA,
,16:00:00,19:59:00,21/02/2016,32.28,Â°C,NA,NA,
,20:00:00,23:59:00,21/02/2016,29.01,Â°C,NA,NA,
,00:00:00,03:59:00,22/02/2016,26.73,Â°C,NA,NA,
,04:00:00,07:59:00,22/02/2016,26.14,Â°C,NA,NA,
,08:00:00,11:59:00,22/02/2016,28.91,Â°C,NA,NA,
,12:00:00,15:59:00,22/02/2016,33.62,Â°C,NA,NA,
,16:00:00,19:59:00,22/02/2016,33.16,Â°C,NA,NA,
,20:00:00,23:59:00,22/02/2016,29.33,Â°C,NA,NA,
,00:00:00,03:59:00,23/02/2016,26.55,Â°C,NA,NA,
,04:00:00,07:59:00,23/02/2016,24.92,Â°C,NA,NA,
,08:00:00,11:59:00,23/02/2016,28.39,Â°C,NA,NA,
,12:00:00,15:59:00,23/02/2016,32.58,Â°C,NA,NA,
,16:00:00,19:59:00,23/02/2016,32.06,Â°C,NA,NA,
,20:00:00,23:59:00,23/02/2016,28.35,Â°C,NA,NA,
,00:00:00,03:59:00,24/02/2016,25.89,Â°C,NA,NA,
,04:00:00,07:59:00,24/02/2016,24.78,Â°C,NA,NA,
,08:00:00,11:59:00,24/02/2016,27.95,Â°C,NA,NA,
,12:00:00,15:59:00,24/02/2016,32.53,Â°C,NA,NA,
,16:00:00,19:59:00,24/02/2016,32.18,Â°C,NA,NA,
,20:00:00,23:59:00,24/02/2016,29.04,Â°C,NA,NA,
,00:00:00,03:59:00,25/02/2016,26.99,Â°C,NA,NA,
,04:00:00,07:59:00,25/02/2016,25.69,Â°C,NA,NA,
,08:00:00,11:59:00,25/02/2016,28.34,Â°C,NA,NA,
,12:00:00,15:59:00,25/02/2016,32.36,Â°C,NA,NA,
,16:00:00,19:59:00,25/02/2016,31.78,Â°C,NA,NA,
,20:00:00,23:59:00,25/02/2016,28.66,Â°C,NA,NA,
,00:00:00,03:59:00,26/02/2016,26.53,Â°C,NA,NA,
,04:00:00,07:59:00,26/02/2016,25.11,Â°C,NA,NA,
,08:00:00,11:59:00,26/02/2016,26.85,Â°C,NA,NA,
,12:00:00,15:59:00,26/02/2016,30.33,Â°C,NA,NA,
,16:00:00,19:59:00,26/02/2016,30.05,Â°C,NA,NA,
,20:00:00,23:59:00,26/02/2016,27.76,Â°C,NA,NA,
,00:00:00,03:59:00,27/02/2016,25.16,Â°C,NA,NA,
,04:00:00,07:59:00,27/02/2016,24.3,Â°C,NA,NA,
,08:00:00,11:59:00,27/02/2016,26.83,Â°C,NA,NA,
,12:00:00,15:59:00,27/02/2016,30.48,Â°C,NA,NA,
,16:00:00,19:59:00,27/02/2016,29.97,Â°C,NA,NA,
,20:00:00,23:59:00,27/02/2016,27.64,Â°C,NA,NA,
,00:00:00,03:59:00,28/02/2016,25.38,Â°C,NA,NA,
,04:00:00,07:59:00,28/02/2016,24.36,Â°C,NA,NA,
,08:00:00,11:59:00,28/02/2016,26.79,Â°C,NA,NA,
,12:00:00,15:59:00,28/02/2016,29.79,Â°C,NA,NA,
,16:00:00,19:59:00,28/02/2016,29.65,Â°C,NA,NA,
,20:00:00,23:59:00,28/02/2016,27.62,Â°C,NA,NA,
,00:00:00,03:59:00,29/02/2016,25.3,Â°C,NA,NA,
,04:00:00,07:59:00,29/02/2016,24.23,Â°C,NA,NA,
,08:00:00,11:59:00,29/02/2016,26.53,Â°C,NA,NA,
,12:00:00,15:59:00,29/02/2016,30.04,Â°C,NA,NA,
,16:00:00,19:59:00,29/02/2016,29.93,Â°C,NA,NA,
,20:00:00,23:59:00,29/02/2016,26.93,Â°C,NA,NA,
,00:00:00,03:59:00,01/03/2016,24.94,Â°C,NA,NA,
,04:00:00,07:59:00,01/03/2016,23.83,Â°C,NA,NA,
,08:00:00,11:59:00,01/03/2016,26.6,Â°C,NA,NA,
,12:00:00,15:59:00,01/03/2016,30.49,Â°C,NA,NA,
,16:00:00,19:59:00,01/03/2016,30.17,Â°C,NA,NA,
,20:00:00,23:59:00,01/03/2016,27.44,Â°C,NA,NA,
,00:00:00,03:59:00,02/03/2016,25.19,Â°C,NA,NA,
,04:00:00,07:59:00,02/03/2016,24.31,Â°C,NA,NA,
,08:00:00,11:59:00,02/03/2016,26.83,Â°C,NA,NA,
,12:00:00,15:59:00,02/03/2016,30.36,Â°C,NA,NA,
,16:00:00,19:59:00,02/03/2016,29.91,Â°C,NA,NA,
,20:00:00,23:59:00,02/03/2016,27.34,Â°C,NA,NA,
,00:00:00,03:59:00,03/03/2016,25.49,Â°C,NA,NA,
,04:00:00,07:59:00,03/03/2016,24.25,Â°C,NA,NA,
,08:00:00,11:59:00,03/03/2016,27.71,Â°C,NA,NA,
,12:00:00,15:59:00,03/03/2016,31.45,Â°C,NA,NA,
,16:00:00,19:59:00,03/03/2016,30.59,Â°C,NA,NA,
,20:00:00,23:59:00,03/03/2016,27.47,Â°C,NA,NA,
,00:00:00,03:59:00,04/03/2016,25.32,Â°C,NA,NA,
,04:00:00,07:59:00,04/03/2016,24.11,Â°C,NA,NA,
,08:00:00,11:59:00,04/03/2016,29.06,Â°C,NA,NA,
,12:00:00,15:59:00,04/03/2016,32.62,Â°C,NA,NA,
,16:00:00,19:59:00,04/03/2016,31.36,Â°C,NA,NA,
,20:00:00,23:59:00,04/03/2016,27.78,Â°C,NA,NA,
,00:00:00,03:59:00,05/03/2016,25.58,Â°C,NA,NA,
,04:00:00,07:59:00,05/03/2016,23.78,Â°C,NA,NA,
,08:00:00,11:59:00,05/03/2016,27.28,Â°C,NA,NA,
,12:00:00,15:59:00,05/03/2016,32.03,Â°C,NA,NA,
,16:00:00,19:59:00,05/03/2016,31.54,Â°C,NA,NA,
,20:00:00,23:59:00,05/03/2016,28.31,Â°C,NA,NA,
,00:00:00,03:59:00,06/03/2016,25.54,Â°C,NA,NA,
,04:00:00,07:59:00,06/03/2016,24.2,Â°C,NA,NA,
,08:00:00,11:59:00,06/03/2016,27.58,Â°C,NA,NA,
,12:00:00,15:59:00,06/03/2016,32.02,Â°C,NA,NA,
,16:00:00,19:59:00,06/03/2016,31.74,Â°C,NA,NA,
,20:00:00,23:59:00,06/03/2016,28.08,Â°C,NA,NA,
,00:00:00,03:59:00,07/03/2016,25.47,Â°C,NA,NA,
,04:00:00,07:59:00,07/03/2016,24.15,Â°C,NA,NA,
,08:00:00,11:59:00,07/03/2016,27.34,Â°C,NA,NA,
,12:00:00,15:59:00,07/03/2016,31.63,Â°C,NA,NA,
,16:00:00,19:59:00,07/03/2016,31.4,Â°C,NA,NA,
,20:00:00,23:59:00,07/03/2016,27.76,Â°C,NA,NA,
,00:00:00,03:59:00,08/03/2016,25.22,Â°C,NA,NA,
,04:00:00,07:59:00,08/03/2016,24.23,Â°C,NA,NA,
,08:00:00,11:59:00,08/03/2016,28.15,Â°C,NA,NA,
,12:00:00,15:59:00,08/03/2016,32.72,Â°C,NA,NA,
,16:00:00,19:59:00,08/03/2016,32.17,Â°C,NA,NA,
,20:00:00,23:59:00,08/03/2016,28.28,Â°C,NA,NA,
,00:00:00,03:59:00,09/03/2016,26,Â°C,NA,NA,
,04:00:00,07:59:00,09/03/2016,25.39,Â°C,NA,NA,
,08:00:00,11:59:00,09/03/2016,28.62,Â°C,NA,NA,
,12:00:00,15:59:00,09/03/2016,32.86,Â°C,NA,NA,
,16:00:00,19:59:00,09/03/2016,32.65,Â°C,NA,NA,
,20:00:00,23:59:00,09/03/2016,29.04,Â°C,NA,NA,
,00:00:00,03:59:00,10/03/2016,26.81,Â°C,NA,NA,
,04:00:00,07:59:00,10/03/2016,26.11,Â°C,NA,NA,
,08:00:00,11:59:00,10/03/2016,28.87,Â°C,NA,NA,
,12:00:00,15:59:00,10/03/2016,32.77,Â°C,NA,NA,
,16:00:00,19:59:00,10/03/2016,32.45,Â°C,NA,NA,
,20:00:00,23:59:00,10/03/2016,29.13,Â°C,NA,NA,
,00:00:00,03:59:00,11/03/2016,26.79,Â°C,NA,NA,
,04:00:00,07:59:00,11/03/2016,26.17,Â°C,NA,NA,
,08:00:00,11:59:00,11/03/2016,29.46,Â°C,NA,NA,
,12:00:00,15:59:00,11/03/2016,33.51,Â°C,NA,NA,
,16:00:00,19:59:00,11/03/2016,32.89,Â°C,NA,NA,
,20:00:00,23:59:00,11/03/2016,29.89,Â°C,NA,NA,
,00:00:00,03:59:00,12/03/2016,27.82,Â°C,NA,NA,
,04:00:00,07:59:00,12/03/2016,26.38,Â°C,NA,NA,
,08:00:00,11:59:00,12/03/2016,29.74,Â°C,NA,NA,
,12:00:00,15:59:00,12/03/2016,33.46,Â°C,NA,NA,
,16:00:00,19:59:00,12/03/2016,32.89,Â°C,NA,NA,
,20:00:00,23:59:00,12/03/2016,29.83,Â°C,NA,NA,
,00:00:00,03:59:00,13/03/2016,27.61,Â°C,NA,NA,
,04:00:00,07:59:00,13/03/2016,26.25,Â°C,NA,NA,
,08:00:00,11:59:00,13/03/2016,29.7,Â°C,NA,NA,
,12:00:00,15:59:00,13/03/2016,33.32,Â°C,NA,NA,
,16:00:00,19:59:00,13/03/2016,32.28,Â°C,NA,NA,
,20:00:00,23:59:00,13/03/2016,30.45,Â°C,NA,NA,
,00:00:00,03:59:00,14/03/2016,28.46,Â°C,NA,NA,
,04:00:00,07:59:00,14/03/2016,27.35,Â°C,NA,NA,
,08:00:00,11:59:00,14/03/2016,29.97,Â°C,NA,NA,
,12:00:00,15:59:00,14/03/2016,33.14,Â°C,NA,NA,
,16:00:00,19:59:00,14/03/2016,32.75,Â°C,NA,NA,
,20:00:00,23:59:00,14/03/2016,30.11,Â°C,NA,NA,
,00:00:00,03:59:00,15/03/2016,28.38,Â°C,NA,NA,
,04:00:00,07:59:00,15/03/2016,27.33,Â°C,NA,NA,
,08:00:00,11:59:00,15/03/2016,29.56,Â°C,NA,NA,
,12:00:00,15:59:00,15/03/2016,31.89,Â°C,NA,NA,
,16:00:00,19:59:00,15/03/2016,30.27,Â°C,NA,NA,
,20:00:00,23:59:00,15/03/2016,28.01,Â°C,NA,NA,
,00:00:00,03:59:00,16/03/2016,27.08,Â°C,NA,NA,
,04:00:00,07:59:00,16/03/2016,25.97,Â°C,NA,NA,
,08:00:00,11:59:00,16/03/2016,29.91,Â°C,NA,NA,
,12:00:00,15:59:00,16/03/2016,33.17,Â°C,NA,NA,
,16:00:00,19:59:00,16/03/2016,32.86,Â°C,NA,NA,
,20:00:00,23:59:00,16/03/2016,29.32,Â°C,NA,NA,
,00:00:00,03:59:00,17/03/2016,27.58,Â°C,NA,NA,
,04:00:00,07:59:00,17/03/2016,26.84,Â°C,NA,NA,
,08:00:00,11:59:00,17/03/2016,29.78,Â°C,NA,NA,
,12:00:00,15:59:00,17/03/2016,33.14,Â°C,NA,NA,
,16:00:00,19:59:00,17/03/2016,31.8,Â°C,NA,NA,
,20:00:00,23:59:00,17/03/2016,29.09,Â°C,NA,NA,
,00:00:00,03:59:00,18/03/2016,28.46,Â°C,NA,NA,
,04:00:00,07:59:00,18/03/2016,27.97,Â°C,NA,NA,
,08:00:00,11:59:00,18/03/2016,30.71,Â°C,NA,NA,
,12:00:00,15:59:00,18/03/2016,33.48,Â°C,NA,NA,
,16:00:00,19:59:00,18/03/2016,33.09,Â°C,NA,NA,
,20:00:00,23:59:00,18/03/2016,29.76,Â°C,NA,NA,
,00:00:00,03:59:00,19/03/2016,27.89,Â°C,NA,NA,
,04:00:00,07:59:00,19/03/2016,26.88,Â°C,NA,NA,
,08:00:00,11:59:00,19/03/2016,30.08,Â°C,NA,NA,
,12:00:00,15:59:00,19/03/2016,33.62,Â°C,NA,NA,
,16:00:00,19:59:00,19/03/2016,33.55,Â°C,NA,NA,
,20:00:00,23:59:00,19/03/2016,31.02,Â°C,NA,NA,
,00:00:00,03:59:00,20/03/2016,29.09,Â°C,NA,NA,
,04:00:00,07:59:00,20/03/2016,27.66,Â°C,NA,NA,
,08:00:00,11:59:00,20/03/2016,30.59,Â°C,NA,NA,
,12:00:00,15:59:00,20/03/2016,33.96,Â°C,NA,NA,
,16:00:00,19:59:00,20/03/2016,33.56,Â°C,NA,NA,
,20:00:00,23:59:00,20/03/2016,31.29,Â°C,NA,NA,
,00:00:00,03:59:00,21/03/2016,29.28,Â°C,NA,NA,
,04:00:00,07:59:00,21/03/2016,27.94,Â°C,NA,NA,
,08:00:00,11:59:00,21/03/2016,30.88,Â°C,NA,NA,
,12:00:00,15:59:00,21/03/2016,34.01,Â°C,NA,NA,
,16:00:00,19:59:00,21/03/2016,33.56,Â°C,NA,NA,
,20:00:00,23:59:00,21/03/2016,31.66,Â°C,NA,NA,
,00:00:00,03:59:00,22/03/2016,29.11,Â°C,NA,NA,
,04:00:00,07:59:00,22/03/2016,27.21,Â°C,NA,NA,
,08:00:00,11:59:00,22/03/2016,30.33,Â°C,NA,NA,
,12:00:00,15:59:00,22/03/2016,34.46,Â°C,NA,NA,
,16:00:00,19:59:00,22/03/2016,33.92,Â°C,NA,NA,
,20:00:00,23:59:00,22/03/2016,31.83,Â°C,NA,NA,
,00:00:00,03:59:00,23/03/2016,28.4,Â°C,NA,NA,
,04:00:00,07:59:00,23/03/2016,27.03,Â°C,NA,NA,
,08:00:00,11:59:00,23/03/2016,30.31,Â°C,NA,NA,
,12:00:00,15:59:00,23/03/2016,34.39,Â°C,NA,NA,
,16:00:00,19:59:00,23/03/2016,33.8,Â°C,NA,NA,
,20:00:00,23:59:00,23/03/2016,31.44,Â°C,NA,NA,
,00:00:00,03:59:00,24/03/2016,29.56,Â°C,NA,NA,
,04:00:00,07:59:00,24/03/2016,28,Â°C,NA,NA,
,08:00:00,11:59:00,24/03/2016,30.58,Â°C,NA,NA,
,12:00:00,15:59:00,24/03/2016,33.67,Â°C,NA,NA,
,16:00:00,19:59:00,24/03/2016,33.32,Â°C,NA,NA,
,20:00:00,23:59:00,24/03/2016,30.47,Â°C,NA,NA,
,00:00:00,03:59:00,25/03/2016,28.1,Â°C,NA,NA,
,04:00:00,07:59:00,25/03/2016,26.89,Â°C,NA,NA,
,08:00:00,11:59:00,25/03/2016,29.55,Â°C,NA,NA,
,12:00:00,15:59:00,25/03/2016,33.18,Â°C,NA,NA,
,16:00:00,19:59:00,25/03/2016,32.91,Â°C,NA,NA,
,20:00:00,23:59:00,25/03/2016,29.55,Â°C,NA,NA,
,00:00:00,03:59:00,26/03/2016,27.45,Â°C,NA,NA,
,04:00:00,07:59:00,26/03/2016,26.46,Â°C,NA,NA,
,08:00:00,11:59:00,26/03/2016,29.44,Â°C,NA,NA,
,12:00:00,15:59:00,26/03/2016,33.42,Â°C,NA,NA,
,16:00:00,19:59:00,26/03/2016,32.95,Â°C,NA,NA,
,20:00:00,23:59:00,26/03/2016,29.99,Â°C,NA,NA,
,00:00:00,03:59:00,27/03/2016,27.51,Â°C,NA,NA,
,04:00:00,07:59:00,27/03/2016,26.22,Â°C,NA,NA,
,08:00:00,11:59:00,27/03/2016,29.82,Â°C,NA,NA,
,12:00:00,15:59:00,27/03/2016,33.59,Â°C,NA,NA,
,16:00:00,19:59:00,27/03/2016,32.54,Â°C,NA,NA,
,20:00:00,23:59:00,27/03/2016,29.6,Â°C,NA,NA,
,00:00:00,03:59:00,28/03/2016,26.99,Â°C,NA,NA,
,04:00:00,07:59:00,28/03/2016,26.13,Â°C,NA,NA,
,08:00:00,11:59:00,28/03/2016,29.39,Â°C,NA,NA,
,12:00:00,15:59:00,28/03/2016,33.06,Â°C,NA,NA,
,16:00:00,19:59:00,28/03/2016,32.87,Â°C,NA,NA,
,20:00:00,23:59:00,28/03/2016,29.36,Â°C,NA,NA,
,00:00:00,03:59:00,29/03/2016,26.76,Â°C,NA,NA,
,04:00:00,07:59:00,29/03/2016,25.7,Â°C,NA,NA,
,08:00:00,11:59:00,29/03/2016,28.81,Â°C,NA,NA,
,12:00:00,15:59:00,29/03/2016,32.8,Â°C,NA,NA,
,16:00:00,19:59:00,29/03/2016,32.37,Â°C,NA,NA,
,20:00:00,23:59:00,29/03/2016,29.93,Â°C,NA,NA,
,00:00:00,03:59:00,30/03/2016,28.03,Â°C,NA,NA,
,04:00:00,07:59:00,30/03/2016,26.3,Â°C,NA,NA,
,08:00:00,11:59:00,30/03/2016,29.28,Â°C,NA,NA,
,12:00:00,15:59:00,30/03/2016,32.99,Â°C,NA,NA,
,16:00:00,19:59:00,30/03/2016,32.56,Â°C,NA,NA,
,20:00:00,23:59:00,30/03/2016,29.97,Â°C,NA,NA,
,00:00:00,03:59:00,31/03/2016,28.09,Â°C,NA,NA,
,04:00:00,07:59:00,31/03/2016,26.86,Â°C,NA,NA,
,08:00:00,11:59:00,31/03/2016,29.89,Â°C,NA,NA,
,12:00:00,15:59:00,31/03/2016,33.23,Â°C,NA,NA,
,16:00:00,19:59:00,31/03/2016,32.79,Â°C,NA,NA,
,20:00:00,23:59:00,31/03/2016,30.22,Â°C,NA,NA,
,00:00:00,03:59:00,01/04/2016,28.31,Â°C,NA,NA,
,04:00:00,07:59:00,01/04/2016,26.98,Â°C,NA,NA,
,08:00:00,11:59:00,01/04/2016,29.74,Â°C,NA,NA,
,12:00:00,15:59:00,01/04/2016,33.45,Â°C,NA,NA,
,16:00:00,19:59:00,01/04/2016,33.12,Â°C,NA,NA,
,20:00:00,23:59:00,01/04/2016,30.62,Â°C,NA,NA,
,00:00:00,03:59:00,02/04/2016,28.61,Â°C,NA,NA,
,04:00:00,07:59:00,02/04/2016,26.95,Â°C,NA,NA,
,08:00:00,11:59:00,02/04/2016,29.8,Â°C,NA,NA,
,12:00:00,15:59:00,02/04/2016,33.53,Â°C,NA,NA,
,16:00:00,19:59:00,02/04/2016,33.23,Â°C,NA,NA,
,20:00:00,23:59:00,02/04/2016,30.95,Â°C,NA,NA,
,00:00:00,03:59:00,03/04/2016,28.79,Â°C,NA,NA,
,04:00:00,07:59:00,03/04/2016,26.89,Â°C,NA,NA,
,08:00:00,11:59:00,03/04/2016,29.99,Â°C,NA,NA,
,12:00:00,15:59:00,03/04/2016,33.7,Â°C,NA,NA,
,16:00:00,19:59:00,03/04/2016,33.4,Â°C,NA,NA,
,20:00:00,23:59:00,03/04/2016,31.16,Â°C,NA,NA,
,00:00:00,03:59:00,04/04/2016,29,Â°C,NA,NA,
,04:00:00,07:59:00,04/04/2016,27.37,Â°C,NA,NA,
,08:00:00,11:59:00,04/04/2016,30.64,Â°C,NA,NA,
,12:00:00,15:59:00,04/04/2016,34.13,Â°C,NA,NA,
,16:00:00,19:59:00,04/04/2016,33.75,Â°C,NA,NA,
,20:00:00,23:59:00,04/04/2016,31.23,Â°C,NA,NA,
,00:00:00,03:59:00,05/04/2016,28.96,Â°C,NA,NA,
,04:00:00,07:59:00,05/04/2016,27.22,Â°C,NA,NA,
,08:00:00,11:59:00,05/04/2016,29.91,Â°C,NA,NA,
,12:00:00,15:59:00,05/04/2016,33.83,Â°C,NA,NA,
,16:00:00,19:59:00,05/04/2016,33.79,Â°C,NA,NA,
,20:00:00,23:59:00,05/04/2016,30.9,Â°C,NA,NA,
,00:00:00,03:59:00,06/04/2016,28.11,Â°C,NA,NA,
,04:00:00,07:59:00,06/04/2016,26.57,Â°C,NA,NA,
,08:00:00,11:59:00,06/04/2016,29.82,Â°C,NA,NA,
,12:00:00,15:59:00,06/04/2016,33.8,Â°C,NA,NA,
,16:00:00,19:59:00,06/04/2016,33.25,Â°C,NA,NA,
,20:00:00,23:59:00,06/04/2016,31.39,Â°C,NA,NA,
,00:00:00,03:59:00,07/04/2016,28.58,Â°C,NA,NA,
,04:00:00,07:59:00,07/04/2016,27.17,Â°C,NA,NA,
,08:00:00,11:59:00,07/04/2016,29.96,Â°C,NA,NA,
,12:00:00,15:59:00,07/04/2016,33.98,Â°C,NA,NA,
,16:00:00,19:59:00,07/04/2016,33.68,Â°C,NA,NA,
,20:00:00,23:59:00,07/04/2016,31.58,Â°C,NA,NA,
,00:00:00,03:59:00,08/04/2016,28.85,Â°C,NA,NA,
,04:00:00,07:59:00,08/04/2016,26.49,Â°C,NA,NA,
,08:00:00,11:59:00,08/04/2016,29.58,Â°C,NA,NA,
,12:00:00,15:59:00,08/04/2016,33.19,Â°C,NA,NA,
,16:00:00,19:59:00,08/04/2016,32.99,Â°C,NA,NA,
,20:00:00,23:59:00,08/04/2016,30.56,Â°C,NA,NA,
,00:00:00,03:59:00,09/04/2016,28.85,Â°C,NA,NA,
,04:00:00,07:59:00,09/04/2016,27.5,Â°C,NA,NA,
,08:00:00,11:59:00,09/04/2016,30.09,Â°C,NA,NA,
,12:00:00,15:59:00,09/04/2016,32.37,Â°C,NA,NA,
,16:00:00,19:59:00,09/04/2016,32.33,Â°C,NA,NA,
,20:00:00,23:59:00,09/04/2016,30.22,Â°C,NA,NA,
,00:00:00,03:59:00,10/04/2016,28.05,Â°C,NA,NA,
,04:00:00,07:59:00,10/04/2016,26.86,Â°C,NA,NA,
,08:00:00,11:59:00,10/04/2016,29.43,Â°C,NA,NA,
,12:00:00,15:59:00,10/04/2016,33,Â°C,NA,NA,
,16:00:00,19:59:00,10/04/2016,32.69,Â°C,NA,NA,
,20:00:00,23:59:00,10/04/2016,31.07,Â°C,NA,NA,
,00:00:00,03:59:00,11/04/2016,28.26,Â°C,NA,NA,
,04:00:00,07:59:00,11/04/2016,26.98,Â°C,NA,NA,
,08:00:00,11:59:00,11/04/2016,29.65,Â°C,NA,NA,
,12:00:00,15:59:00,11/04/2016,34.18,Â°C,NA,NA,
,16:00:00,19:59:00,11/04/2016,34.04,Â°C,NA,NA,
,20:00:00,23:59:00,11/04/2016,31.67,Â°C,NA,NA,
,00:00:00,03:59:00,12/04/2016,29.31,Â°C,NA,NA,
,04:00:00,07:59:00,12/04/2016,27.38,Â°C,NA,NA,
,08:00:00,11:59:00,12/04/2016,30.33,Â°C,NA,NA,
,12:00:00,15:59:00,12/04/2016,34.04,Â°C,NA,NA,
,12:00:00,15:59:00,13/04/2016,35.61,Â°C,NA,NA,
,16:00:00,19:59:00,13/04/2016,34.39,Â°C,NA,NA,
,20:00:00,23:59:00,13/04/2016,32.48,Â°C,NA,NA,
,00:00:00,03:59:00,14/04/2016,29.95,Â°C,NA,NA,
,04:00:00,07:59:00,14/04/2016,28.08,Â°C,NA,NA,
,08:00:00,11:59:00,14/04/2016,31.71,Â°C,NA,NA,
,12:00:00,15:59:00,14/04/2016,34.93,Â°C,NA,NA,
,16:00:00,19:59:00,14/04/2016,34.84,Â°C,NA,NA,
,20:00:00,23:59:00,14/04/2016,32.48,Â°C,NA,NA,
,00:00:00,03:59:00,15/04/2016,30.21,Â°C,NA,NA,
,04:00:00,07:59:00,15/04/2016,28.57,Â°C,NA,NA,
,08:00:00,11:59:00,15/04/2016,31.65,Â°C,NA,NA,
,12:00:00,15:59:00,15/04/2016,34.82,Â°C,NA,NA,
,16:00:00,19:59:00,15/04/2016,34.47,Â°C,NA,NA,
,20:00:00,23:59:00,15/04/2016,31.96,Â°C,NA,NA,
,00:00:00,03:59:00,16/04/2016,29.96,Â°C,NA,NA,
,04:00:00,07:59:00,16/04/2016,28.02,Â°C,NA,NA,
,08:00:00,11:59:00,16/04/2016,31.01,Â°C,NA,NA,
,12:00:00,15:59:00,16/04/2016,34.14,Â°C,NA,NA,
,16:00:00,19:59:00,16/04/2016,33.96,Â°C,NA,NA,
,20:00:00,23:59:00,16/04/2016,31.82,Â°C,NA,NA,
,00:00:00,03:59:00,17/04/2016,28.85,Â°C,NA,NA,
,04:00:00,07:59:00,17/04/2016,27.4,Â°C,NA,NA,
,08:00:00,11:59:00,17/04/2016,31.38,Â°C,NA,NA,
,12:00:00,15:59:00,17/04/2016,35.1,Â°C,NA,NA,
,16:00:00,19:59:00,17/04/2016,34.73,Â°C,NA,NA,
,20:00:00,23:59:00,17/04/2016,31.69,Â°C,NA,NA,
,00:00:00,03:59:00,18/04/2016,29.2,Â°C,NA,NA,
,04:00:00,07:59:00,18/04/2016,27.52,Â°C,NA,NA,
,08:00:00,11:59:00,18/04/2016,30.04,Â°C,NA,NA,
,12:00:00,15:59:00,18/04/2016,34,Â°C,NA,NA,
,16:00:00,19:59:00,18/04/2016,34.01,Â°C,NA,NA,
,20:00:00,23:59:00,18/04/2016,31.72,Â°C,NA,NA,
,00:00:00,03:59:00,19/04/2016,28.85,Â°C,NA,NA,
,04:00:00,07:59:00,19/04/2016,27.61,Â°C,NA,NA,
,08:00:00,11:59:00,19/04/2016,30.35,Â°C,NA,NA,
,12:00:00,15:59:00,19/04/2016,33.85,Â°C,NA,NA,
,16:00:00,19:59:00,19/04/2016,34.28,Â°C,NA,NA,
,20:00:00,23:59:00,19/04/2016,31.84,Â°C,NA,NA,
,00:00:00,03:59:00,20/04/2016,29.51,Â°C,NA,NA,
,04:00:00,07:59:00,20/04/2016,27.83,Â°C,NA,NA,
,08:00:00,11:59:00,20/04/2016,30.93,Â°C,NA,NA,
,12:00:00,15:59:00,20/04/2016,34.23,Â°C,NA,NA,
,16:00:00,19:59:00,20/04/2016,34.66,Â°C,NA,NA,
,20:00:00,23:59:00,20/04/2016,32.05,Â°C,NA,NA,
,00:00:00,03:59:00,21/04/2016,28.68,Â°C,NA,NA,
,04:00:00,07:59:00,21/04/2016,27.37,Â°C,NA,NA,
,08:00:00,11:59:00,21/04/2016,31.09,Â°C,NA,NA,
,12:00:00,15:59:00,21/04/2016,34.91,Â°C,NA,NA,
,16:00:00,19:59:00,21/04/2016,34.68,Â°C,NA,NA,
,20:00:00,23:59:00,21/04/2016,31.7,Â°C,NA,NA,
,00:00:00,03:59:00,22/04/2016,28.76,Â°C,NA,NA,
,04:00:00,07:59:00,22/04/2016,27.33,Â°C,NA,NA,
,08:00:00,11:59:00,22/04/2016,30.03,Â°C,NA,NA,
,12:00:00,15:59:00,22/04/2016,34.38,Â°C,NA,NA,
,16:00:00,19:59:00,22/04/2016,31.28,Â°C,NA,NA,
,20:00:00,23:59:00,22/04/2016,30.51,Â°C,NA,NA,
,00:00:00,03:59:00,23/04/2016,29.35,Â°C,NA,NA,
,04:00:00,07:59:00,23/04/2016,27.85,Â°C,NA,NA,
,08:00:00,11:59:00,23/04/2016,31.74,Â°C,NA,NA,
,12:00:00,15:59:00,23/04/2016,35.65,Â°C,NA,NA,
,16:00:00,19:59:00,23/04/2016,34.88,Â°C,NA,NA,
,20:00:00,23:59:00,23/04/2016,31.08,Â°C,NA,NA,
,00:00:00,03:59:00,24/04/2016,29,Â°C,NA,NA,
,04:00:00,07:59:00,24/04/2016,26.75,Â°C,NA,NA,
,08:00:00,11:59:00,24/04/2016,31.64,Â°C,NA,NA,
,12:00:00,15:59:00,24/04/2016,36.29,Â°C,NA,NA,
,16:00:00,19:59:00,24/04/2016,35.3,Â°C,NA,NA,
,20:00:00,23:59:00,24/04/2016,32.8,Â°C,NA,NA,
,00:00:00,03:59:00,25/04/2016,29.45,Â°C,NA,NA,
,04:00:00,07:59:00,25/04/2016,27.55,Â°C,NA,NA,
,08:00:00,11:59:00,25/04/2016,31.79,Â°C,NA,NA,
,12:00:00,15:59:00,25/04/2016,34.71,Â°C,NA,NA,
,16:00:00,19:59:00,25/04/2016,33.11,Â°C,NA,NA,
,20:00:00,23:59:00,25/04/2016,29.87,Â°C,NA,NA,
,00:00:00,03:59:00,26/04/2016,28.57,Â°C,NA,NA,
,04:00:00,07:59:00,26/04/2016,27.92,Â°C,NA,NA,
,08:00:00,11:59:00,26/04/2016,31.41,Â°C,NA,NA,
,12:00:00,15:59:00,26/04/2016,34.55,Â°C,NA,NA,
,16:00:00,19:59:00,26/04/2016,33.94,Â°C,NA,NA,
,20:00:00,23:59:00,26/04/2016,31.4,Â°C,NA,NA,
,00:00:00,03:59:00,27/04/2016,28.96,Â°C,NA,NA,
,04:00:00,07:59:00,27/04/2016,27.81,Â°C,NA,NA,
,08:00:00,11:59:00,27/04/2016,31.18,Â°C,NA,NA,
,12:00:00,15:59:00,27/04/2016,34.6,Â°C,NA,NA,
,16:00:00,19:59:00,27/04/2016,34.17,Â°C,NA,NA,
,20:00:00,23:59:00,27/04/2016,31.67,Â°C,NA,NA,
,00:00:00,03:59:00,28/04/2016,29.38,Â°C,NA,NA,
,04:00:00,07:59:00,28/04/2016,27.65,Â°C,NA,NA,
,08:00:00,11:59:00,28/04/2016,30.58,Â°C,NA,NA,
,12:00:00,15:59:00,28/04/2016,34.14,Â°C,NA,NA,
,16:00:00,19:59:00,28/04/2016,34.14,Â°C,NA,NA,
,20:00:00,23:59:00,28/04/2016,31.79,Â°C,NA,NA,
,00:00:00,03:59:00,29/04/2016,29.42,Â°C,NA,NA,
,04:00:00,07:59:00,29/04/2016,27.59,Â°C,NA,NA,
,08:00:00,11:59:00,29/04/2016,30.84,Â°C,NA,NA,
,12:00:00,15:59:00,29/04/2016,34.43,Â°C,NA,NA,
,16:00:00,19:59:00,29/04/2016,34.23,Â°C,NA,NA,
,20:00:00,23:59:00,29/04/2016,31.81,Â°C,NA,NA,
,00:00:00,03:59:00,30/04/2016,28.92,Â°C,NA,NA,
,04:00:00,07:59:00,30/04/2016,27.37,Â°C,NA,NA,
,08:00:00,11:59:00,30/04/2016,31.31,Â°C,NA,NA,
,12:00:00,15:59:00,30/04/2016,34.26,Â°C,NA,NA,
,16:00:00,19:59:00,30/04/2016,34.42,Â°C,NA,NA,
,20:00:00,23:59:00,30/04/2016,31.69,Â°C,NA,NA,
The Avearge value of Temperature(Temp) is 28.51 Â°C,,,,,,,,
There is No instance when data has exceeded Prescribed Standard of Temperature(Temp).,,,,,,,,
